10 45 20 65 28 20 48 45 6 51 28 10 38 24 13 37 55 26 81 
10 45 16 61 24 16 40 45 6 51 21 18 39 23 13 36 54 26 80 
10 45 16 61 22 16 38 45 6 51 25 24 49 23 12 35 54 25 79 
10 45 18 63 25 18 43 45 8 53 19 20 39 22 13 35 53 24 77 
10 45 26 71 32 26 58 45 6 51 21 28 49 24 12 36 55 24 79 
10 45 19 64 26 19 45 45 7 52 22 22 44 23 14 37 58 27 85 
10 45 35 80 42 35 77 45 7 52 21 18 39 19 7 26 52 18 70 
10 45 27 72 36 27 63 45 7 52 27 16 43 21 9 30 54 21 75 
10 45 24 69 30 24 54 45 8 53 23 30 53 23 11 34 52 22 74 
10 45 30 75 36 30 66 45 8 53 21 26 47 19 6 25 53 20 73 
20 190 105 295 120 105 225 190 15 205 64 82 146 61 29 90 163 63 226 
20 190 110 300 126 110 236 190 16 206 92 120 212 64 29 93 149 58 207 
20 190 102 292 118 102 220 190 18 208 67 66 133 59 29 88 154 60 214 
20 190 68 258 85 68 153 190 14 204 74 32 106 66 38 104 154 67 221 
20 190 102 292 120 102 222 190 18 208 78 64 142 59 31 90 149 60 209 
20 190 105 295 121 105 226 190 15 205 68 68 136 66 33 99 153 59 212 
20 190 83 273 99 83 182 190 15 205 61 66 127 67 36 103 155 65 220 
20 190 109 299 124 109 233 190 19 209 61 64 125 66 33 99 160 62 222 
20 190 125 315 140 125 265 190 17 207 61 70 131 59 32 91 159 60 219 
20 190 76 266 90 76 166 190 16 206 72 74 146 66 37 103 157 65 222 
30 435 235 670 262 235 497 435 27 462 139 118 257 110 56 166 301 118 419 
30 435 157 592 182 157 339 435 27 462 132 102 234 110 65 175 294 126 420 
30 435 226 661 250 226 476 435 26 461 118 134 252 113 54 167 272 105 377 
30 435 177 612 203 177 380 435 23 458 118 122 240 114 58 172 297 118 415 
30 435 243 678 269 243 512 435 27 462 111 114 225 114 61 175 295 116 411 
30 435 237 672 261 237 498 435 29 464 128 158 286 108 56 164 276 101 377 
30 435 185 620 211 185 396 435 25 460 135 138 273 113 60 173 287 110 397 
30 435 218 653 244 218 462 435 26 461 115 98 213 114 58 172 280 104 384 
30 435 241 676 267 241 508 435 27 462 138 180 318 111 64 175 268 100 368 
30 435 269 704 292 269 561 435 27 462 136 168 304 112 56 168 275 99 374 
40 780 451 1231 481 451 932 780 35 815 194 280 474 165 84 249 421 161 582 
40 780 390 1170 426 390 816 780 34 814 203 228 431 163 84 247 420 156 576 
40 780 399 1179 434 399 833 780 35 815 191 230 421 169 92 261 431 165 596 
40 780 520 1300 554 520 1074 780 36 816 161 166 327 171 91 262 422 157 579 
40 780 416 1196 454 416 870 780 36 816 203 254 457 164 90 254 417 163 580 
40 780 397 1177 434 397 831 780 35 815 168 128 296 162 93 255 438 180 618 
40 780 435 1215 468 435 903 780 37 817 244 270 514 158 77 235 405 150 555 
40 780 307 1087 345 307 652 780 33 813 259 170 429 172 88 260 447 183 630 
40 780 394 1174 431 394 825 780 36 816 177 186 363 162 86 248 441 173 614 
40 780 387 1167 422 387 809 780 35 815 213 252 465 165 84 249 423 164 587 
50 1225 629 1854 673 629 1302 1225 47 1272 246 296 542 223 118 341 570 220 790 
50 1225 626 1851 671 626 1297 1225 47 1272 239 250 489 223 110 333 581 217 798 
50 1225 632 1857 678 632 1310 1225 46 1271 226 222 448 222 117 339 578 228 806 
50 1225 674 1899 717 674 1391 1225 46 1271 247 270 517 222 107 329 545 205 750 
50 1225 598 1823 646 598 1244 1225 44 1269 353 364 717 226 116 342 574 225 799 
50 1225 533 1758 581 533 1114 1225 47 1272 262 188 450 222 117 339 579 230 809 
50 1225 708 1933 752 708 1460 1225 47 1272 229 254 483 220 118 338 575 212 787 
50 1225 560 1785 606 560 1166 1225 44 1269 255 242 497 227 116 343 578 233 811 
50 1225 573 1798 621 573 1194 1225 47 1272 260 174 434 222 122 344 589 231 820 
50 1225 631 1856 677 631 1308 1225 43 1268 270 290 560 222 110 332 570 219 789 
60 1770 876 2646 930 876 1806 1770 56 1826 366 390 756 280 149 429 728 278 1006 
60 1770 873 2643 927 873 1800 1770 55 1825 294 260 554 285 141 426 738 278 1016 
60 1770 897 2667 954 897 1851 1770 55 1825 449 276 725 277 136 413 740 292 1032 
60 1770 1006 2776 1063 1006 2069 1770 56 1826 352 342 694 279 150 429 725 264 989 
60 1770 918 2688 973 918 1891 1770 54 1824 388 478 866 280 143 423 743 279 1022 
60 1770 846 2616 903 846 1749 1770 54 1824 309 326 635 278 144 422 759 298 1057 
60 1770 915 2685 970 915 1885 1770 57 1827 271 260 531 282 144 426 769 294 1063 
60 1770 844 2614 900 844 1744 1770 55 1825 333 234 567 289 146 435 766 287 1053 
60 1770 848 2618 904 848 1752 1770 54 1824 311 306 617 277 147 424 719 273 992 
60 1770 935 2705 992 935 1927 1770 57 1827 294 266 560 281 143 424 731 275 1006 
70 2415 1471 3886 1533 1471 3004 2415 64 2479 377 398 775 346 173 519 908 334 1242 
70 2415 1084 3499 1153 1084 2237 2415 63 2478 443 384 827 350 184 534 900 344 1244 
70 2415 1239 3654 1305 1239 2544 2415 65 2480 433 396 829 337 176 513 927 353 1280 
70 2415 1275 3690 1338 1275 2613 2415 65 2480 422 508 930 350 178 528 907 336 1243 
70 2415 1013 3428 1080 1013 2093 2415 65 2480 372 310 682 345 179 524 913 367 1280 
70 2415 1113 3528 1178 1113 2291 2415 65 2480 388 336 724 338 167 505 929 357 1286 
70 2415 1186 3601 1249 1186 2435 2415 68 2483 388 436 824 345 178 523 918 346 1264 
70 2415 1240 3655 1301 1240 2541 2415 66 2481 427 556 983 346 174 520 893 335 1228 
70 2415 1330 3745 1393 1330 2723 2415 64 2479 432 466 898 349 181 530 905 336 1241 
70 2415 1288 3703 1353 1288 2641 2415 64 2479 456 452 908 343 174 517 887 330 1217 
80 3160 1502 4662 1575 1502 3077 3160 76 3236 441 504 945 407 213 620 1099 417 1516 
80 3160 1407 4567 1481 1407 2888 3160 73 3233 471 454 925 411 215 626 1104 424 1528 
80 3160 1690 4850 1762 1690 3452 3160 76 3236 471 564 1035 415 214 629 1090 406 1496 
80 3160 1770 4930 1845 1770 3615 3160 71 3231 429 434 863 399 193 592 1091 402 1493 
80 3160 1569 4729 1642 1569 3211 3160 75 3235 493 682 1175 402 210 612 1088 407 1495 
80 3160 1511 4671 1585 1511 3096 3160 73 3233 496 578 1074 413 209 622 1080 415 1495 
80 3160 1681 4841 1755 1681 3436 3160 73 3233 470 532 1002 409 209 618 1064 392 1456 
80 3160 1759 4919 1833 1759 3592 3160 76 3236 410 398 808 410 204 614 1094 408 1502 
80 3160 1536 4696 1612 1536 3148 3160 74 3234 448 458 906 411 210 621 1125 424 1549 
80 3160 1562 4722 1635 1562 3197 3160 74 3234 533 678 1211 402 218 620 1068 411 1479 
90 4005 2085 6090 2173 2085 4258 4005 86 4091 719 742 1461 468 250 718 1267 479 1746 
90 4005 2173 6178 2259 2173 4432 4005 87 4092 567 578 1145 481 264 745 1242 468 1710 
90 4005 2134 6139 2217 2134 4351 4005 84 4089 676 688 1364 465 228 693 1285 481 1766 
90 4005 1794 5799 1880 1794 3674 4005 85 4090 564 416 980 472 255 727 1293 508 1801 
90 4005 2208 6213 2292 2208 4500 4005 86 4091 493 496 989 473 249 722 1266 471 1737 
90 4005 2085 6090 2172 2085 4257 4005 87 4092 608 454 1062 477 248 725 1259 468 1727 
90 4005 1842 5847 1925 1842 3767 4005 83 4088 606 754 1360 478 256 734 1259 473 1732 
90 4005 1846 5851 1930 1846 3776 4005 87 4092 595 554 1149 477 256 733 1258 473 1731 
90 4005 1770 5775 1856 1770 3626 4005 85 4090 523 582 1105 479 244 723 1273 485 1758 
90 4005 2050 6055 2135 2050 4185 4005 86 4091 510 552 1062 470 242 712 1262 488 1750 
100 4950 2299 7249 2394 2299 4693 4950 95 5045 627 514 1141 546 283 829 1456 551 2007 
100 4950 2596 7546 2691 2596 5287 4950 95 5045 637 644 1281 542 282 824 1463 548 2011 
100 4950 2562 7512 2654 2562 5216 4950 96 5046 630 652 1282 540 283 823 1449 534 1983 
100 4950 2260 7210 2355 2260 4615 4950 96 5046 666 524 1190 542 290 832 1453 551 2004 
100 4950 2327 7277 2422 2327 4749 4950 95 5045 613 582 1195 547 292 839 1455 564 2019 
100 4950 2653 7603 2748 2653 5401 4950 97 5047 681 612 1293 539 278 817 1448 528 1976 
100 4950 2353 7303 2446 2353 4799 4950 95 5045 720 694 1414 536 277 813 1444 541 1985 
100 4950 2814 7764 2906 2814 5720 4950 97 5047 674 720 1394 541 274 815 1470 546 2016 
100 4950 2228 7178 2324 2228 4552 4950 93 5043 637 498 1135 543 275 818 1463 550 2013 
100 4950 2696 7646 2791 2696 5487 4950 94 5044 599 504 1103 545 277 822 1444 526 1970 
110 5995 3075 9070 3177 3075 6252 5995 106 6101 756 766 1522 620 333 953 1693 636 2329 
110 5995 3041 9036 3146 3041 6187 5995 106 6101 738 836 1574 614 316 930 1610 586 2196 
110 5995 2934 8929 3038 2934 5972 5995 104 6099 776 690 1466 611 321 932 1618 612 2230 
110 5995 2938 8933 3042 2938 5980 5995 105 6100 752 872 1624 603 295 898 1645 608 2253 
110 5995 3005 9000 3110 3005 6115 5995 108 6103 787 786 1573 615 320 935 1656 620 2276 
110 5995 3053 9048 3156 3053 6209 5995 104 6099 699 732 1431 616 313 929 1635 622 2257 
110 5995 3116 9111 3221 3116 6337 5995 104 6099 747 808 1555 594 299 893 1646 611 2257 
110 5995 2683 8678 2788 2683 5471 5995 103 6098 725 506 1231 605 332 937 1660 634 2294 
110 5995 2878 8873 2984 2878 5862 5995 99 6094 702 612 1314 607 303 910 1631 618 2249 
110 5995 2819 8814 2923 2819 5742 5995 100 6095 696 822 1518 611 316 927 1645 623 2268 
120 7140 3817 10957 3934 3817 7751 7140 113 7253 806 650 1456 685 347 1032 1844 679 2523 
120 7140 3865 11005 3980 3865 7845 7140 111 7251 770 734 1504 686 335 1021 1864 686 2550 
120 7140 3563 10703 3681 3563 7244 7140 114 7254 943 876 1819 681 326 1007 1795 658 2453 
120 7140 3331 10471 3448 3331 6779 7140 115 7255 775 780 1555 689 359 1048 1844 679 2523 
120 7140 3113 10253 3229 3113 6342 7140 112 7252 838 842 1680 683 354 1037 1845 704 2549 
120 7140 3351 10491 3466 3351 6817 7140 111 7251 848 596 1444 676 346 1022 1838 686 2524 
120 7140 3989 11129 4106 3989 8095 7140 115 7255 759 612 1371 673 344 1017 1813 672 2485 
120 7140 3482 10622 3598 3482 7080 7140 117 7257 925 890 1815 688 353 1041 1835 681 2516 
120 7140 3480 10620 3597 3480 7077 7140 115 7255 850 830 1680 679 357 1036 1825 686 2511 
120 7140 3414 10554 3529 3414 6943 7140 113 7253 913 672 1585 678 340 1018 1830 679 2509 
130 8385 4350 12735 4473 4350 8823 8385 128 8513 839 792 1631 752 379 1131 2030 750 2780 
130 8385 4450 12835 4576 4450 9026 8385 123 8508 954 902 1856 751 382 1133 2025 727 2752 
130 8385 4170 12555 4290 4170 8460 8385 122 8507 851 984 1835 753 388 1141 2006 745 2751 
130 8385 4336 12721 4458 4336 8794 8385 124 8509 860 982 1842 735 356 1091 2049 755 2804 
130 8385 3939 12324 4064 3939 8003 8385 125 8510 978 778 1756 743 395 1138 2018 765 2783 
130 8385 3965 12350 4088 3965 8053 8385 124 8509 868 922 1790 748 381 1129 2076 791 2867 
130 8385 4082 12467 4205 4082 8287 8385 121 8506 862 838 1700 746 388 1134 2029 746 2775 
130 8385 3939 12324 4063 3939 8002 8385 125 8510 919 852 1771 751 396 1147 2038 766 2804 
130 8385 4472 12857 4596 4472 9068 8385 123 8508 855 894 1749 750 377 1127 2004 726 2730 
130 8385 4415 12800 4541 4415 8956 8385 123 8508 990 1018 2008 748 383 1131 2018 748 2766 
140 9730 4941 14671 5074 4941 10015 9730 134 9864 974 1164 2138 827 426 1253 2223 813 3036 
140 9730 4634 14364 4770 4634 9404 9730 133 9863 941 838 1779 820 423 1243 2209 821 3030 
140 9730 5122 14852 5258 5122 10380 9730 137 9867 910 854 1764 828 426 1254 2191 802 2993 
140 9730 4641 14371 4773 4641 9414 9730 136 9866 916 856 1772 832 425 1257 2239 847 3086 
140 9730 5014 14744 5147 5014 10161 9730 135 9865 1042 1116 2158 829 436 1265 2232 813 3045 
140 9730 5169 14899 5306 5169 10475 9730 132 9862 1010 976 1986 830 434 1264 2230 805 3035 
140 9730 4437 14167 4571 4437 9008 9730 136 9866 923 924 1847 834 440 1274 2252 841 3093 
140 9730 4768 14498 4897 4768 9665 9730 136 9866 1096 1370 2466 832 416 1248 2220 832 3052 
140 9730 4810 14540 4947 4810 9757 9730 134 9864 1032 790 1822 832 440 1272 2238 842 3080 
140 9730 4787 14517 4921 4787 9708 9730 129 9859 935 824 1759 836 451 1287 2215 808 3023 
150 11175 5674 16849 5820 5674 11494 11175 143 11318 1262 1540 2802 910 467 1377 2476 929 3405 
150 11175 5607 16782 5749 5607 11356 11175 146 11321 977 992 1969 892 466 1358 2441 906 3347 
150 11175 5508 16683 5652 5508 11160 11175 143 11318 1242 1312 2554 906 465 1371 2424 902 3326 
150 11175 5391 16566 5536 5391 10927 11175 147 11322 1046 938 1984 893 454 1347 2451 912 3363 
150 11175 5557 16732 5702 5557 11259 11175 143 11318 1100 1232 2332 900 468 1368 2462 904 3366 
150 11175 5580 16755 5720 5580 11300 11175 144 11319 1140 1536 2676 897 467 1364 2430 894 3324 
150 11175 5357 16532 5502 5357 10859 11175 148 11323 1077 1024 2101 900 477 1377 2438 893 3331 
150 11175 5937 17112 6079 5937 12016 11175 146 11321 1056 1212 2268 904 459 1363 2410 872 3282 
150 11175 5054 16229 5200 5054 10254 11175 142 11317 1068 1076 2144 908 472 1380 2422 922 3344 
150 11175 4938 16113 5084 4938 10022 11175 146 11321 1103 1142 2245 912 483 1395 2450 919 3369 
160 12720 6316 19036 6470 6316 12786 12720 157 12877 1164 1306 2470 981 505 1486 2657 985 3642 
160 12720 6005 18725 6161 6005 12166 12720 155 12875 1189 1246 2435 965 494 1459 2646 987 3633 
160 12720 6049 18769 6203 6049 12252 12720 155 12875 1041 1064 2105 971 493 1464 2680 978 3658 
160 12720 6085 18805 6241 6085 12326 12720 153 12873 1100 878 1978 968 502 1470 2666 991 3657 
160 12720 6420 19140 6574 6420 12994 12720 152 12872 1152 1194 2346 965 481 1446 2598 954 3552 
160 12720 6163 18883 6319 6163 12482 12720 152 12872 1074 958 2032 960 497 1457 2649 968 3617 
160 12720 6435 19155 6591 6435 13026 12720 154 12874 1326 1192 2518 969 488 1457 2616 967 3583 
160 12720 6040 18760 6192 6040 12232 12720 159 12879 1087 1182 2269 980 502 1482 2663 1005 3668 
160 12720 6527 19247 6680 6527 13207 12720 154 12874 1171 1288 2459 974 498 1472 2622 958 3580 
160 12720 6538 19258 6693 6538 13231 12720 156 12876 1192 874 2066 977 508 1485 2641 978 3619 
170 14365 7664 22029 7825 7664 15489 14365 169 14534 1383 1450 2833 1049 536 1585 2855 1027 3882 
170 14365 6589 20954 6751 6589 13340 14365 166 14531 1399 1358 2757 1056 546 1602 2868 1086 3954 
170 14365 6331 20696 6494 6331 12825 14365 165 14530 1188 1122 2310 1045 551 1596 2890 1099 3989 
170 14365 7539 21904 7707 7539 15246 14365 165 14530 1347 1156 2503 1035 538 1573 2862 1051 3913 
170 14365 7580 21945 7744 7580 15324 14365 162 14527 1268 1130 2398 1048 545 1593 2866 1069 3935 
170 14365 6806 21171 6971 6806 13777 14365 163 14528 1229 1110 2339 1055 546 1601 2850 1066 3916 
170 14365 8021 22386 8185 8021 16206 14365 165 14530 1258 1236 2494 1053 545 1598 2811 1015 3826 
170 14365 7479 21844 7646 7479 15125 14365 165 14530 1198 1040 2238 1036 533 1569 2876 1055 3931 
170 14365 7551 21916 7714 7551 15265 14365 163 14528 1398 1468 2866 1057 542 1599 2871 1044 3915 
170 14365 7112 21477 7277 7112 14389 14365 164 14529 1288 1304 2592 1043 546 1589 2883 1072 3955 
180 16110 7604 23714 7777 7604 15381 16110 175 16285 1406 1336 2742 1120 575 1695 3072 1149 4221 
180 16110 8147 24257 8321 8147 16468 16110 171 16281 1272 1184 2456 1128 580 1708 3019 1112 4131 
180 16110 8488 24598 8664 8488 17152 16110 174 16284 1343 1048 2391 1131 575 1706 3027 1095 4122 
180 16110 7553 23663 7726 7553 15279 16110 175 16285 1244 1292 2536 1109 572 1681 3085 1165 4250 
180 16110 7623 23733 7794 7623 15417 16110 173 16283 1296 1298 2594 1128 574 1702 3036 1120 4156 
180 16110 7771 23881 7944 7771 15715 16110 176 16286 1362 1542 2904 1130 583 1713 3059 1131 4190 
180 16110 7955 24065 8126 7955 16081 16110 177 16287 1242 1370 2612 1113 585 1698 3084 1158 4242 
180 16110 8379 24489 8552 8379 16931 16110 176 16286 1310 1358 2668 1121 572 1693 3091 1118 4209 
180 16110 7510 23620 7688 7510 15198 16110 173 16283 1628 1496 3124 1132 577 1709 3091 1148 4239 
180 16110 7480 23590 7654 7480 15134 16110 172 16282 1300 1068 2368 1131 563 1694 3087 1154 4241 
190 17955 8421 26376 8606 8421 17027 17955 184 18139 1350 1338 2688 1216 605 1821 3260 1202 4462 
190 17955 8894 26849 9075 8894 17969 17955 186 18141 1424 1418 2842 1201 616 1817 3299 1228 4527 
190 17955 9253 27208 9432 9253 18685 17955 182 18137 1533 1916 3449 1191 606 1797 3266 1196 4462 
190 17955 8921 26876 9105 8921 18026 17955 185 18140 1354 1354 2708 1211 629 1840 3291 1214 4505 
190 17955 8991 26946 9173 8991 18164 17955 184 18139 1313 1338 2651 1212 623 1835 3304 1221 4525 
190 17955 8822 26777 9007 8822 17829 17955 185 18140 1290 1396 2686 1193 614 1807 3289 1209 4498 
190 17955 8641 26596 8824 8641 17465 17955 184 18139 1490 1768 3258 1211 622 1833 3295 1232 4527 
190 17955 8354 26309 8541 8354 16895 17955 185 18140 1739 1718 3457 1204 640 1844 3274 1215 4489 
190 17955 9590 27545 9776 9590 19366 17955 180 18135 1515 1472 2987 1190 591 1781 3259 1185 4444 
190 17955 8156 26111 8344 8156 16500 17955 181 18136 1581 1304 2885 1212 627 1839 3273 1216 4489 
200 19900 9602 29502 9794 9602 19396 19900 195 20095 1509 1456 2965 1282 644 1926 3557 1317 4874 
200 19900 9285 29185 9479 9285 18764 19900 195 20095 1471 1454 2925 1285 667 1952 3519 1303 4822 
200 19900 10062 29962 10257 10062 20319 19900 192 20092 1549 1428 2977 1284 658 1942 3444 1272 4716 
200 19900 8769 28669 8966 8769 17735 19900 190 20090 1860 1538 3398 1270 655 1925 3508 1308 4816 
200 19900 10436 30336 10629 10436 21065 19900 199 20099 1520 1228 2748 1281 657 1938 3476 1262 4738 
200 19900 9695 29595 9890 9695 19585 19900 194 20094 1601 1506 3107 1291 680 1971 3437 1274 4711 
200 19900 9550 29450 9742 9550 19292 19900 194 20094 1455 1346 2801 1280 660 1940 3483 1297 4780 
200 19900 9709 29609 9902 9709 19611 19900 194 20094 1674 1568 3242 1294 676 1970 3500 1300 4800 
200 19900 9782 29682 9977 9782 19759 19900 197 20097 1493 1470 2963 1276 648 1924 3494 1276 4770 
200 19900 10378 30278 10571 10378 20949 19900 193 20093 1458 1570 3028 1291 661 1952 3488 1268 4756 
210 21945 11007 32952 11212 11007 22219 21945 207 22152 1843 2076 3919 1346 674 2020 3695 1334 5029 
210 21945 11972 33917 12176 11972 24148 21945 205 22150 1484 1434 2918 1345 683 2028 3687 1334 5021 
210 21945 11049 32994 11253 11049 22302 21945 201 22146 1728 1830 3558 1356 689 2045 3661 1332 4993 
210 21945 10692 32637 10897 10692 21589 21945 202 22147 1515 1452 2967 1375 714 2089 3729 1356 5085 
210 21945 10568 32513 10774 10568 21342 21945 205 22150 1687 1460 3147 1356 714 2070 3714 1382 5096 
210 21945 10594 32539 10798 10594 21392 21945 201 22146 1571 1458 3029 1344 694 2038 3710 1384 5094 
210 21945 10704 32649 10909 10704 21613 21945 207 22152 1640 1782 3422 1359 698 2057 3713 1385 5098 
210 21945 11766 33711 11968 11766 23734 21945 207 22152 1448 1422 2870 1356 696 2052 3680 1341 5021 
210 21945 11447 33392 11651 11447 23098 21945 205 22150 1738 1834 3572 1367 713 2080 3648 1321 4969 
210 21945 10199 32144 10402 10199 20601 21945 202 22147 1931 1852 3783 1357 706 2063 3672 1328 5000 
220 24090 12628 36718 12843 12628 25471 24090 215 24305 2103 2342 4445 1435 733 2168 3922 1408 5330 
220 24090 12358 36448 12571 12358 24929 24090 214 24304 1687 1650 3337 1445 740 2185 3963 1465 5428 
220 24090 11271 35361 11486 11271 22757 24090 216 24306 1640 1740 3380 1444 752 2196 3992 1509 5501 
220 24090 12009 36099 12221 12009 24230 24090 215 24305 1639 1778 3417 1441 731 2172 3885 1407 5292 
220 24090 11743 35833 11957 11743 23700 24090 211 24301 1715 1868 3583 1435 735 2170 3991 1479 5470 
220 24090 11754 35844 11971 11754 23725 24090 213 24303 1668 1466 3134 1431 734 2165 3947 1443 5390 
220 24090 12579 36669 12794 12579 25373 24090 215 24305 1783 1526 3309 1445 748 2193 3951 1443 5394 
220 24090 12672 36762 12889 12672 25561 24090 214 24304 2059 2282 4341 1439 744 2183 3896 1413 5309 
220 24090 11710 35800 11926 11710 23636 24090 215 24305 1944 2276 4220 1440 742 2182 3946 1458 5404 
220 24090 11888 35978 12100 11888 23988 24090 212 24302 1810 1732 3542 1422 725 2147 3960 1437 5397 
230 26335 13486 39821 13712 13486 27198 26335 223 26558 2101 1526 3627 1530 782 2312 4144 1506 5650 
230 26335 11919 38254 12147 11919 24066 26335 224 26559 2000 1744 3744 1530 814 2344 4196 1563 5759 
230 26335 13080 39415 13307 13080 26387 26335 225 26560 1775 1606 3381 1520 787 2307 4194 1544 5738 
230 26335 14093 40428 14318 14093 28411 26335 220 26555 1879 1882 3761 1538 796 2334 4138 1514 5652 
230 26335 13988 40323 14215 13988 28203 26335 224 26559 2032 1976 4008 1507 776 2283 4134 1479 5613 
230 26335 12483 38818 12704 12483 25187 26335 225 26560 1773 1298 3071 1525 768 2293 4137 1518 5655 
230 26335 13509 39844 13735 13509 27244 26335 226 26561 1798 1484 3282 1536 786 2322 4134 1499 5633 
230 26335 13150 39485 13375 13150 26525 26335 225 26560 1928 2112 4040 1520 782 2302 4157 1505 5662 
230 26335 12166 38501 12394 12166 24560 26335 226 26561 2119 1960 4079 1523 779 2302 4220 1549 5769 
230 26335 13137 39472 13361 13137 26498 26335 227 26562 1747 1812 3559 1526 786 2312 4157 1548 5705 
240 28680 14392 43072 14626 14392 29018 28680 233 28913 1822 1972 3794 1588 821 2409 4398 1594 5992 
240 28680 14033 42713 14268 14033 28301 28680 236 28916 2029 1592 3621 1601 812 2413 4421 1610 6031 
240 28680 13992 42672 14228 13992 28220 28680 234 28914 1815 1774 3589 1609 828 2437 4361 1590 5951 
240 28680 14646 43326 14879 14646 29525 28680 234 28914 1923 2020 3943 1580 785 2365 4353 1583 5936 
240 28680 14608 43288 14843 14608 29451 28680 236 28916 1869 1596 3465 1601 849 2450 4327 1573 5900 
240 28680 12825 41505 13059 12825 25884 28680 237 28917 2002 1938 3940 1597 831 2428 4426 1657 6083 
240 28680 15098 43778 15333 15098 30431 28680 232 28912 1885 2000 3885 1600 825 2425 4353 1578 5931 
240 28680 14930 43610 15163 14930 30093 28680 235 28915 2101 2452 4553 1580 826 2406 4349 1593 5942 
240 28680 13734 42414 13971 13734 27705 28680 230 28910 2079 1624 3703 1597 830 2427 4417 1644 6061 
240 28680 13768 42448 14002 13768 27770 28680 232 28912 2211 1790 4001 1597 817 2414 4406 1603 6009 
250 31125 15747 46872 15991 15747 31738 31125 245 31370 1903 1666 3569 1678 858 2536 4614 1659 6273 
250 31125 15798 46923 16042 15798 31840 31125 244 31369 2034 1812 3846 1670 835 2505 4605 1667 6272 
250 31125 15536 46661 15781 15536 31317 31125 242 31367 2021 1774 3795 1676 831 2507 4562 1656 6218 
250 31125 16057 47182 16302 16057 32359 31125 247 31372 2099 1868 3967 1656 842 2498 4592 1633 6225 
250 31125 14508 45633 14750 14508 29258 31125 245 31370 2034 2240 4274 1678 857 2535 4599 1668 6267 
250 31125 15563 46688 15806 15563 31369 31125 245 31370 2194 2534 4728 1682 848 2530 4598 1670 6268 
250 31125 14917 46042 15160 14917 30077 31125 241 31366 1973 2252 4225 1670 845 2515 4652 1698 6350 
250 31125 15475 46600 15719 15475 31194 31125 247 31372 1986 1714 3700 1687 845 2532 4637 1687 6324 
250 31125 15307 46432 15551 15307 30858 31125 240 31365 2216 2142 4358 1689 848 2537 4579 1661 6240 
250 31125 15603 46728 15845 15603 31448 31125 245 31370 1851 1936 3787 1664 847 2511 4594 1686 6280 
260 33670 16250 49920 16505 16250 32755 33670 251 33921 1961 1900 3861 1762 868 2630 4828 1742 6570 
260 33670 17198 50868 17456 17198 34654 33670 252 33922 2456 2482 4938 1757 887 2644 4864 1766 6630 
260 33670 17012 50682 17265 17012 34277 33670 253 33923 1895 1654 3549 1765 895 2660 4852 1769 6621 
260 33670 15879 49549 16134 15879 32013 33670 255 33925 1987 2036 4023 1751 885 2636 4856 1798 6654 
260 33670 17776 51446 18029 17776 35805 33670 253 33923 1951 2166 4117 1752 896 2648 4805 1743 6548 
260 33670 16760 50430 17017 16760 33777 33670 251 33921 2272 2364 4636 1757 874 2631 4808 1734 6542 
260 33670 17059 50729 17311 17059 34370 33670 254 33924 2248 2886 5134 1759 889 2648 4886 1767 6653 
260 33670 16639 50309 16894 16639 33533 33670 258 33928 2094 1786 3880 1743 886 2629 4831 1770 6601 
260 33670 17400 51070 17656 17400 35056 33670 255 33925 2370 2168 4538 1761 893 2654 4893 1781 6674 
260 33670 17434 51104 17688 17434 35122 33670 254 33924 2457 1924 4381 1753 893 2646 4895 1758 6653 
270 36315 18557 54872 18820 18557 37377 36315 263 36578 2674 3188 5862 1852 958 2810 5052 1804 6856 
270 36315 17244 53559 17505 17244 34749 36315 263 36578 2257 1638 3895 1838 932 2770 5024 1843 6867 
270 36315 19435 55750 19702 19435 39137 36315 267 36582 2272 2278 4550 1827 936 2763 5050 1819 6869 
270 36315 17856 54171 18118 17856 35974 36315 261 36576 2235 2284 4519 1838 957 2795 5091 1883 6974 
270 36315 17940 54255 18205 17940 36145 36315 263 36578 2238 1798 4036 1852 959 2811 5109 1848 6957 
270 36315 18403 54718 18668 18403 37071 36315 267 36582 2573 2500 5073 1846 947 2793 5011 1811 6822 
270 36315 18035 54350 18297 18035 36332 36315 264 36579 2135 2450 4585 1867 932 2799 5042 1831 6873 
270 36315 19298 55613 19566 19298 38864 36315 263 36578 2504 2106 4610 1842 943 2785 4971 1824 6795 
270 36315 18247 54562 18508 18247 36755 36315 260 36575 1987 1998 3985 1845 940 2785 5065 1831 6896 
270 36315 18224 54539 18491 18224 36715 36315 265 36580 2360 2186 4546 1838 929 2767 5077 1863 6940 
280 39060 21084 60144 21354 21084 42438 39060 274 39334 2175 2090 4265 1917 992 2909 5321 1941 7262 
280 39060 17363 56423 17635 17363 34998 39060 273 39333 2196 1976 4172 1916 983 2899 5418 2020 7438 
280 39060 18803 57863 19082 18803 37885 39060 271 39331 2742 2322 5064 1921 980 2901 5280 1938 7218 
280 39060 18873 57933 19146 18873 38019 39060 275 39335 2174 2160 4334 1924 993 2917 5327 1947 7274 
280 39060 19918 58978 20190 19918 40108 39060 276 39336 2443 2680 5123 1926 981 2907 5297 1922 7219 
280 39060 18214 57274 18489 18214 36703 39060 274 39334 2298 2294 4592 1934 1003 2937 5310 1951 7261 
280 39060 18857 57917 19130 18857 37987 39060 272 39332 2268 2190 4458 1942 985 2927 5291 1921 7212 
280 39060 19878 58938 20151 19878 40029 39060 276 39336 2280 2474 4754 1932 997 2929 5294 1945 7239 
280 39060 18949 58009 19220 18949 38169 39060 275 39335 2406 2562 4968 1930 1003 2933 5265 1917 7182 
280 39060 20908 59968 21182 20908 42090 39060 275 39335 2608 2954 5562 1918 989 2907 5240 1877 7117 
290 41905 21531 63436 21811 21531 43342 41905 284 42189 2443 2844 5287 2021 1043 3064 5520 2012 7532 
290 41905 20838 62743 21123 20838 41961 41905 284 42189 2263 2176 4439 2002 1035 3037 5540 2017 7557 
290 41905 22153 64058 22440 22153 44593 41905 284 42189 2696 1934 4630 2011 1034 3045 5514 1984 7498 
290 41905 20751 62656 21040 20751 41791 41905 282 42187 3039 2252 5291 2008 1026 3034 5564 2021 7585 
290 41905 20095 62000 20376 20095 40471 41905 286 42191 2358 2598 4956 2012 1030 3042 5540 2036 7576 
290 41905 20774 62679 21059 20774 41833 41905 285 42190 2261 2044 4305 2026 1050 3076 5535 2011 7546 
290 41905 20892 62797 21175 20892 42067 41905 280 42185 2449 2394 4843 2010 1060 3070 5567 2042 7609 
290 41905 21089 62994 21373 21089 42462 41905 280 42185 2210 2350 4560 2006 1055 3061 5499 2028 7527 
290 41905 20900 62805 21184 20900 42084 41905 284 42189 2358 2066 4424 2012 1029 3041 5546 2009 7555 
290 41905 20798 62703 21082 20798 41880 41905 283 42188 2518 2496 5014 2018 1035 3053 5543 2011 7554 
300 44850 21773 66623 22064 21773 43837 44850 296 45146 2387 2472 4859 2097 1097 3194 5700 2096 7796 
300 44850 23155 68005 23449 23155 46604 44850 294 45144 2511 2756 5267 2106 1085 3191 5770 2085 7855 
300 44850 22982 67832 23275 22982 46257 44850 292 45142 2501 2590 5091 2095 1090 3185 5690 2080 7770 
300 44850 20891 65741 21185 20891 42076 44850 293 45143 2621 2666 5287 2103 1078 3181 5803 2118 7921 
300 44850 21046 65896 21339 21046 42385 44850 293 45143 2497 2374 4871 2095 1073 3168 5792 2144 7936 
300 44850 22234 67084 22528 22234 44762 44850 297 45147 2408 2422 4830 2100 1089 3189 5750 2089 7839 
300 44850 21055 65905 21352 21055 42407 44850 295 45145 2423 2256 4679 2084 1074 3158 5755 2102 7857 
300 44850 22371 67221 22663 22371 45034 44850 292 45142 2426 2140 4566 2090 1065 3155 5734 2083 7817 
300 44850 22615 67465 22909 22615 45524 44850 295 45145 2498 2462 4960 2092 1059 3151 5710 2056 7766 
300 44850 21311 66161 21603 21311 42914 44850 297 45147 2336 2410 4746 2078 1069 3147 5762 2110 7872 
310 47895 24013 71908 24316 24013 48329 47895 308 48203 2403 2382 4785 2173 1117 3290 5956 2172 8128 
310 47895 23580 71475 23886 23580 47466 47895 308 48203 2863 3006 5869 2171 1101 3272 6027 2171 8198 
310 47895 23178 71073 23481 23178 46659 47895 305 48200 2502 2176 4678 2192 1133 3325 5996 2183 8179 
310 47895 24430 72325 24732 24430 49162 47895 302 48197 2380 2096 4476 2190 1134 3324 5938 2125 8063 
310 47895 24678 72573 24977 24678 49655 47895 305 48200 2623 3178 5801 2172 1111 3283 6031 2176 8207 
310 47895 24039 71934 24346 24039 48385 47895 304 48199 2696 2678 5374 2172 1121 3293 5936 2177 8113 
310 47895 23970 71865 24276 23970 48246 47895 303 48198 2764 2444 5208 2168 1103 3271 6059 2204 8263 
310 47895 25277 73172 25583 25277 50860 47895 303 48198 2856 2440 5296 2185 1129 3314 5996 2166 8162 
310 47895 23950 71845 24252 23950 48202 47895 303 48198 2439 2160 4599 2184 1146 3330 6007 2197 8204 
310 47895 23396 71291 23699 23396 47095 47895 305 48200 2585 2736 5321 2181 1139 3320 5979 2207 8186 
320 51040 27823 78863 28134 27823 55957 51040 314 51354 2460 2600 5060 2273 1195 3468 6168 2204 8372 
320 51040 24320 75360 24633 24320 48953 51040 311 51351 3079 3592 6671 2266 1153 3419 6161 2235 8396 
320 51040 24390 75430 24705 24390 49095 51040 316 51356 2981 3126 6107 2254 1161 3415 6271 2311 8582 
320 51040 24211 75251 24524 24211 48735 51040 310 51350 2504 2148 4652 2258 1136 3394 6196 2285 8481 
320 51040 25754 76794 26067 25754 51821 51040 312 51352 2437 2452 4889 2273 1171 3444 6282 2263 8545 
320 51040 25420 76460 25735 25420 51155 51040 316 51356 2671 2478 5149 2257 1150 3407 6216 2255 8471 
320 51040 25195 76235 25506 25195 50701 51040 312 51352 2600 2658 5258 2256 1150 3406 6180 2235 8415 
320 51040 24938 75978 25249 24938 50187 51040 317 51357 2846 3290 6136 2285 1179 3464 6184 2260 8444 
320 51040 23838 74878 24152 23838 47990 51040 313 51353 2589 2214 4803 2273 1160 3433 6262 2273 8535 
320 51040 25535 76575 25850 25535 51385 51040 314 51354 2953 3090 6043 2251 1161 3412 6249 2265 8514 
330 54285 26684 80969 27003 26684 53687 54285 320 54605 2716 2990 5706 2344 1196 3540 6387 2316 8703 
330 54285 28142 82427 28462 28142 56604 54285 321 54606 2570 2580 5150 2344 1206 3550 6501 2365 8866 
330 54285 24402 78687 24730 24402 49132 54285 327 54612 3396 3244 6640 2361 1235 3596 6456 2374 8830 
330 54285 27966 82251 28288 27966 56254 54285 326 54611 2787 3204 5991 2364 1234 3598 6396 2320 8716 
330 54285 26435 80720 26762 26435 53197 54285 322 54607 2965 2944 5909 2371 1242 3613 6392 2334 8726 
330 54285 28141 82426 28466 28141 56607 54285 327 54612 3007 3290 6297 2365 1211 3576 6448 2339 8787 
330 54285 25366 79651 25693 25366 51059 54285 326 54611 3137 2828 5965 2346 1214 3560 6507 2380 8887 
330 54285 25837 80122 26161 25837 51998 54285 322 54607 3058 3458 6516 2354 1233 3587 6427 2337 8764 
330 54285 28368 82653 28690 28368 57058 54285 325 54610 2640 2770 5410 2344 1189 3533 6478 2341 8819 
330 54285 26567 80852 26894 26567 53461 54285 314 54599 2871 2452 5323 2336 1234 3570 6468 2384 8852 
340 57630 29589 87219 29920 29589 59509 57630 335 57965 3136 3306 6442 2430 1257 3687 6630 2385 9015 
340 57630 29762 87392 30093 29762 59855 57630 334 57964 2856 2710 5566 2438 1239 3677 6696 2437 9133 
340 57630 29014 86644 29350 29014 58364 57630 331 57961 3098 2568 5666 2458 1289 3747 6771 2497 9268 
340 57630 28219 85849 28553 28219 56772 57630 332 57962 3356 3496 6852 2433 1251 3684 6711 2420 9131 
340 57630 28169 85799 28505 28169 56674 57630 332 57962 2900 2952 5852 2433 1258 3691 6662 2428 9090 
340 57630 29205 86835 29540 29205 58745 57630 333 57963 2801 2830 5631 2434 1263 3697 6723 2462 9185 
340 57630 26498 84128 26830 26498 53328 57630 331 57961 2848 2626 5474 2451 1291 3742 6764 2482 9246 
340 57630 29428 87058 29762 29428 59190 57630 335 57965 2992 2656 5648 2452 1301 3753 6637 2390 9027 
340 57630 28078 85708 28412 28078 56490 57630 334 57964 2784 2970 5754 2431 1251 3682 6744 2476 9220 
340 57630 29761 87391 30095 29761 59856 57630 329 57959 2763 2784 5547 2431 1265 3696 6703 2449 9152 
350 61075 30229 91304 30573 30229 60802 61075 346 61421 3447 3900 7347 2510 1274 3784 6881 2497 9378 
350 61075 31611 92686 31951 31611 63562 61075 336 61411 3173 3954 7127 2534 1315 3849 6862 2495 9357 
350 61075 28840 89915 29183 28840 58023 61075 340 61415 3455 3718 7173 2529 1296 3825 6926 2488 9414 
350 61075 32641 93716 32987 32641 65628 61075 343 61418 3596 3662 7258 2533 1286 3819 6875 2479 9354 
350 61075 32045 93120 32390 32045 64435 61075 345 61420 2906 2740 5646 2523 1287 3810 6988 2558 9546 
350 61075 28490 89565 28831 28490 57321 61075 344 61419 3103 3344 6447 2517 1301 3818 6983 2544 9527 
350 61075 29468 90543 29813 29468 59281 61075 343 61418 3343 3602 6945 2512 1290 3802 6905 2518 9423 
350 61075 30153 91228 30495 30153 60648 61075 344 61419 2798 2480 5278 2522 1309 3831 6927 2500 9427 
350 61075 30385 91460 30729 30385 61114 61075 342 61417 3208 3322 6530 2544 1318 3862 6975 2538 9513 
350 61075 30154 91229 30496 30154 60650 61075 342 61417 3408 3586 6994 2545 1310 3855 6931 2543 9474 
360 64620 33038 97658 33391 33038 66429 64620 359 64979 3087 2892 5979 2610 1348 3958 7213 2636 9849 
360 64620 32738 97358 33090 32738 65828 64620 354 64974 2955 3346 6301 2625 1367 3992 7211 2619 9830 
360 64620 33668 98288 34019 33668 67687 64620 350 64970 2995 3278 6273 2618 1347 3965 7149 2588 9737 
360 64620 30642 95262 30995 30642 61637 64620 349 64969 3322 3184 6506 2608 1343 3951 7154 2619 9773 
360 64620 31040 95660 31392 31040 62432 64620 353 64973 3882 4280 8162 2624 1363 3987 7149 2611 9760 
360 64620 31162 95782 31513 31162 62675 64620 354 64974 3211 3150 6361 2608 1352 3960 7204 2619 9823 
360 64620 32407 97027 32762 32407 65169 64620 351 64971 2825 2500 5325 2605 1351 3956 7169 2601 9770 
360 64620 32710 97330 33063 32710 65773 64620 356 64976 3053 2896 5949 2590 1308 3898 7164 2602 9766 
360 64620 33479 98099 33832 33479 67311 64620 353 64973 2989 2882 5871 2605 1322 3927 7135 2568 9703 
360 64620 31105 95725 31462 31105 62567 64620 354 64974 3134 2722 5856 2616 1329 3945 7157 2599 9756 
370 68265 32874 101139 33236 32874 66110 68265 361 68626 3670 3032 6702 2697 1404 4101 7442 2738 10180 
370 68265 35650 103915 36015 35650 71665 68265 367 68632 3346 3470 6816 2715 1400 4115 7371 2639 10010 
370 68265 31720 99985 32089 31720 63809 68265 362 68627 3681 2932 6613 2712 1410 4122 7455 2745 10200 
370 68265 36189 104454 36550 36189 72739 68265 360 68625 3180 3484 6664 2697 1391 4088 7482 2697 10179 
370 68265 35306 103571 35670 35306 70976 68265 365 68630 2973 3028 6001 2681 1379 4060 7419 2640 10059 
370 68265 35979 104244 36343 35979 72322 68265 364 68629 3303 3200 6503 2714 1401 4115 7394 2666 10060 
370 68265 34186 102451 34550 34186 68736 68265 363 68628 3106 3202 6308 2685 1360 4045 7500 2753 10253 
370 68265 34164 102429 34530 34164 68694 68265 366 68631 3317 2950 6267 2693 1398 4091 7408 2674 10082 
370 68265 33920 102185 34278 33920 68198 68265 362 68627 3380 4308 7688 2696 1369 4065 7418 2682 10100 
370 68265 35654 103919 36017 35654 71671 68265 363 68628 3377 3650 7027 2704 1378 4082 7402 2670 10072 
380 72010 34844 106854 35217 34844 70061 72010 376 72386 3184 2952 6136 2787 1429 4216 7669 2812 10481 
380 72010 34896 106906 35271 34896 70167 72010 375 72385 3265 3292 6557 2791 1440 4231 7609 2780 10389 
380 72010 38293 110303 38668 38293 76961 72010 372 72382 3919 3284 7203 2784 1415 4199 7706 2769 10475 
380 72010 35564 107574 35935 35564 71499 72010 372 72382 3148 3360 6508 2793 1397 4190 7639 2768 10407 
380 72010 35337 107347 35711 35337 71048 72010 372 72382 3674 4024 7698 2791 1448 4239 7641 2766 10407 
380 72010 36087 108097 36463 36087 72550 72010 369 72379 3460 2804 6264 2785 1446 4231 7644 2771 10415 
380 72010 34256 106266 34629 34256 68885 72010 376 72386 3303 3390 6693 2813 1456 4269 7695 2831 10526 
380 72010 34729 106739 35105 34729 69834 72010 376 72386 3512 3212 6724 2798 1452 4250 7723 2805 10528 
380 72010 37187 109197 37556 37187 74743 72010 374 72384 3778 4444 8222 2766 1401 4167 7643 2744 10387 
380 72010 38166 110176 38540 38166 76706 72010 377 72387 3745 3182 6927 2785 1430 4215 7653 2732 10385 
390 75855 37576 113431 37960 37576 75536 75855 386 76241 3208 3318 6526 2870 1465 4335 7890 2875 10765 
390 75855 39348 115203 39728 39348 79076 75855 383 76238 3612 3408 7020 2879 1467 4346 7827 2796 10623 
390 75855 37596 113451 37982 37596 75578 75855 382 76237 3390 3366 6756 2891 1494 4385 7896 2861 10757 
390 75855 38575 114430 38957 38575 77532 75855 380 76235 3346 3592 6938 2854 1455 4309 7914 2876 10790 
390 75855 38888 114743 39275 38888 78163 75855 380 76235 4050 3564 7614 2874 1456 4330 7892 2848 10740 
390 75855 36522 112377 36909 36522 73431 75855 376 76231 3754 3266 7020 2855 1456 4311 7927 2888 10815 
390 75855 39162 115017 39542 39162 78704 75855 382 76237 3451 3710 7161 2882 1489 4371 7867 2853 10720 
390 75855 36971 112826 37353 36971 74324 75855 382 76237 3993 4080 8073 2900 1486 4386 7897 2849 10746 
390 75855 38431 114286 38818 38431 77249 75855 385 76240 3805 3384 7189 2851 1469 4320 7883 2859 10742 
390 75855 36868 112723 37250 36868 74118 75855 385 76240 3331 3050 6381 2851 1460 4311 7983 2905 10888 
400 79800 38297 118097 38692 38297 76989 79800 392 80192 4459 4438 8897 2989 1531 4520 8181 2980 11161 
400 79800 39314 119114 39709 39314 79023 79800 393 80193 3342 2918 6260 2956 1511 4467 8226 2962 11188 
400 79800 41257 121057 41652 41257 82909 79800 390 80190 3655 2830 6485 2968 1543 4511 8127 2952 11079 
400 79800 39243 119043 39639 39243 78882 79800 394 80194 3529 3370 6899 2955 1529 4484 8153 2990 11143 
400 79800 40171 119971 40562 40171 80733 79800 394 80194 4065 4022 8087 2973 1538 4511 8199 2958 11157 
400 79800 39823 119623 40214 39823 80037 79800 391 80191 3708 3362 7070 2980 1525 4505 8143 2939 11082 
400 79800 39265 119065 39660 39265 78925 79800 394 80194 3838 3830 7668 2938 1510 4448 8224 2992 11216 
400 79800 40661 120461 41053 40661 81714 79800 394 80194 3871 4062 7933 2948 1510 4458 8169 2951 11120 
400 79800 38357 118157 38748 38357 77105 79800 395 80195 3581 3860 7441 2951 1526 4477 8173 2995 11168 
400 79800 39580 119380 39976 39580 79556 79800 392 80192 3481 3280 6761 2964 1502 4466 8191 2987 11178 
410 83845 41982 125827 42389 41982 84371 83845 404 84249 4273 3604 7877 3054 1573 4627 8438 3071 11509 
410 83845 39787 123632 40193 39787 79980 83845 403 84248 4475 4656 9131 3055 1567 4622 8366 3062 11428 
410 83845 44728 128573 45130 44728 89858 83845 404 84249 3720 3726 7446 3045 1565 4610 8398 3006 11404 
410 83845 39191 123036 39592 39191 78783 83845 403 84248 3691 3852 7543 3069 1606 4675 8443 3110 11553 
410 83845 41922 125767 42326 41922 84248 83845 406 84251 3774 3490 7264 3055 1576 4631 8365 3007 11372 
410 83845 43710 127555 44115 43710 87825 83845 406 84251 3749 3256 7005 3035 1538 4573 8351 2998 11349 
410 83845 40459 124304 40865 40459 81324 83845 399 84244 3894 4698 8592 3055 1571 4626 8475 3091 11566 
410 83845 43812 127657 44216 43812 88028 83845 407 84252 3575 3348 6923 3059 1574 4633 8402 3045 11447 
410 83845 41293 125138 41696 41293 82989 83845 401 84246 4037 4948 8985 3059 1568 4627 8430 3052 11482 
410 83845 45840 129685 46245 45840 92085 83845 402 84247 3514 3538 7052 3067 1580 4647 8396 3003 11399 
420 87990 47368 135358 47780 47368 95148 87990 415 88405 3978 3708 7686 3143 1617 4760 8604 3067 11671 
420 87990 44418 132408 44827 44418 89245 87990 413 88403 4112 4982 9094 3132 1598 4730 8647 3103 11750 
420 87990 44602 132592 45015 44602 89617 87990 416 88406 3651 3572 7223 3143 1628 4771 8633 3127 11760 
420 87990 45165 133155 45580 45165 90745 87990 412 88402 3874 3118 6992 3139 1623 4762 8634 3170 11804 
420 87990 44480 132470 44894 44480 89374 87990 416 88406 3881 3932 7813 3149 1601 4750 8658 3121 11779 
420 87990 41175 129165 41590 41175 82765 87990 414 88404 3746 3940 7686 3143 1615 4758 8732 3196 11928 
420 87990 44308 132298 44718 44308 89026 87990 414 88404 3902 4124 8026 3134 1612 4746 8545 3078 11623 
420 87990 44638 132628 45054 44638 89692 87990 415 88405 3838 3090 6928 3148 1616 4764 8705 3130 11835 
420 87990 45261 133251 45673 45261 90934 87990 412 88402 4003 4470 8473 3147 1632 4779 8607 3104 11711 
420 87990 44510 132500 44925 44510 89435 87990 416 88406 4297 4002 8299 3157 1637 4794 8681 3143 11824 
430 92235 46509 138744 46928 46509 93437 92235 423 92658 3937 4710 8647 3214 1665 4879 8935 3205 12140 
430 92235 44992 137227 45416 44992 90408 92235 420 92655 4611 3416 8027 3239 1669 4908 8916 3236 12152 
430 92235 48849 141084 49271 48849 98120 92235 420 92655 4397 5046 9443 3232 1651 4883 8869 3181 12050 
430 92235 44336 136571 44755 44336 89091 92235 423 92658 3917 3694 7611 3223 1673 4896 8861 3217 12078 
430 92235 45141 137376 45562 45141 90703 92235 421 92656 3862 3820 7682 3210 1665 4875 9011 3288 12299 
430 92235 46316 138551 46739 46316 93055 92235 422 92657 4570 5210 9780 3210 1652 4862 8963 3256 12219 
430 92235 45570 137805 45990 45570 91560 92235 424 92659 3698 4092 7790 3228 1670 4898 8899 3213 12112 
430 92235 46933 139168 47353 46933 94286 92235 423 92658 3956 4458 8414 3214 1655 4869 8887 3215 12102 
430 92235 43545 135780 43973 43545 87518 92235 426 92661 4054 3422 7476 3223 1661 4884 8926 3258 12184 
430 92235 49625 141860 50046 49625 99671 92235 423 92658 4044 4514 8558 3204 1638 4842 8871 3161 12032 
440 96580 48816 145396 49248 48816 98064 96580 431 97011 4135 4910 9045 3337 1700 5037 9128 3275 12403 
440 96580 49029 145609 49462 49029 98491 96580 437 97017 3903 3906 7809 3309 1681 4990 9198 3308 12506 
440 96580 48902 145482 49336 48902 98238 96580 436 97016 4177 4094 8271 3320 1692 5012 9145 3309 12454 
440 96580 50427 147007 50862 50427 101289 96580 433 97013 4534 5220 9754 3295 1670 4965 9122 3264 12386 
440 96580 48396 144976 48833 48396 97229 96580 436 97016 5126 5708 10834 3314 1684 4998 9124 3266 12390 
440 96580 50225 146805 50659 50225 100884 96580 432 97012 3926 3476 7402 3325 1694 5019 9140 3274 12414 
440 96580 47353 143933 47786 47353 95139 96580 435 97015 4303 4114 8417 3306 1693 4999 9160 3326 12486 
440 96580 48825 145405 49258 48825 98083 96580 427 97007 3599 3380 6979 3330 1714 5044 9141 3282 12423 
440 96580 48896 145476 49333 48896 98229 96580 434 97014 3923 3626 7549 3319 1716 5035 9125 3288 12413 
440 96580 47253 143833 47685 47253 94938 96580 433 97013 4207 4614 8821 3317 1698 5015 9206 3358 12564 
450 101025 51412 152437 51858 51412 103270 101025 445 101470 3963 3834 7797 3419 1739 5158 9285 3332 12617 
450 101025 52204 153229 52645 52204 104849 101025 445 101470 4408 4664 9072 3403 1747 5150 9385 3381 12766 
450 101025 49272 150297 49717 49272 98989 101025 446 101471 3884 3378 7262 3408 1752 5160 9411 3405 12816 
450 101025 52260 153285 52700 52260 104960 101025 448 101473 4383 5108 9491 3398 1732 5130 9398 3374 12772 
450 101025 51440 152465 51883 51440 103323 101025 442 101467 4193 3960 8153 3422 1795 5217 9389 3399 12788 
450 101025 51551 152576 51993 51551 103544 101025 441 101466 4142 4908 9050 3409 1768 5177 9453 3400 12853 
450 101025 49321 150346 49764 49321 99085 101025 445 101470 4290 4634 8924 3375 1715 5090 9372 3377 12749 
450 101025 48771 149796 49217 48771 97988 101025 443 101468 4463 4426 8889 3411 1746 5157 9435 3442 12877 
450 101025 50813 151838 51260 50813 102073 101025 439 101464 4379 3440 7819 3418 1761 5179 9406 3363 12769 
450 101025 52587 153612 53031 52587 105618 101025 447 101472 4665 3602 8267 3431 1745 5176 9452 3387 12839 
460 105570 56070 161640 56525 56070 112595 105570 456 106026 4516 4688 9204 3495 1788 5283 9600 3415 13015 
460 105570 52976 158546 53427 52976 106403 105570 454 106024 4363 4832 9195 3505 1776 5281 9663 3472 13135 
460 105570 51018 156588 51470 51018 102488 105570 451 106021 4627 4676 9303 3495 1799 5294 9655 3503 13158 
460 105570 51385 156955 51833 51385 103218 105570 453 106023 4130 4684 8814 3503 1806 5309 9734 3521 13255 
460 105570 53960 159530 54413 53960 108373 105570 454 106024 4095 4046 8141 3484 1787 5271 9591 3428 13019 
460 105570 50797 156367 51249 50797 102046 105570 455 106025 4100 4140 8240 3504 1787 5291 9691 3471 13162 
460 105570 50962 156532 51415 50962 102377 105570 455 106025 4675 5144 9819 3493 1748 5241 9645 3473 13118 
460 105570 52701 158271 53154 52701 105855 105570 452 106022 4166 4312 8478 3503 1802 5305 9709 3524 13233 
460 105570 49063 154633 49518 49063 98581 105570 455 106025 4491 4418 8909 3494 1796 5290 9705 3522 13227 
460 105570 52827 158397 53282 52827 106109 105570 450 106020 4194 4282 8476 3504 1772 5276 9712 3528 13240 
470 110215 54852 165067 55315 54852 110167 110215 463 110678 5186 4798 9984 3552 1820 5372 9961 3569 13530 
470 110215 55905 166120 56369 55905 112274 110215 463 110678 4305 3742 8047 3585 1828 5413 10009 3613 13622 
470 110215 54758 164973 55223 54758 109981 110215 463 110678 4091 4400 8491 3587 1815 5402 9891 3531 13422 
470 110215 54859 165074 55322 54859 110181 110215 460 110675 4148 4160 8308 3563 1808 5371 9955 3603 13558 
470 110215 53911 164126 54374 53911 108285 110215 460 110675 4390 4370 8760 3602 1855 5457 9977 3585 13562 
470 110215 56545 166760 57011 56545 113556 110215 463 110678 4835 4298 9133 3581 1822 5403 9904 3538 13442 
470 110215 54807 165022 55274 54807 110081 110215 463 110678 4493 4458 8951 3587 1848 5435 9929 3619 13548 
470 110215 55099 165314 55563 55099 110662 110215 467 110682 5024 4450 9474 3600 1848 5448 9973 3590 13563 
470 110215 54516 164731 54980 54516 109496 110215 464 110679 4513 4854 9367 3594 1852 5446 9932 3580 13512 
470 110215 49712 159927 50176 49712 99888 110215 464 110679 4426 4206 8632 3580 1828 5408 9999 3618 13617 
480 114960 57968 172928 58440 57968 116408 114960 476 115436 4334 5122 9456 3669 1865 5534 10192 3639 13831 
480 114960 56690 171650 57164 56690 113854 114960 476 115436 4650 3556 8206 3695 1886 5581 10124 3653 13777 
480 114960 56917 171877 57391 56917 114308 114960 475 115435 4461 3952 8413 3679 1861 5540 10155 3637 13792 
480 114960 58369 173329 58840 58369 117209 114960 474 115434 5167 6114 11281 3672 1857 5529 10146 3683 13829 
480 114960 58042 173002 58513 58042 116555 114960 476 115436 4671 4802 9473 3663 1862 5525 10195 3699 13894 
480 114960 55256 170216 55730 55256 110986 114960 476 115436 4275 4052 8327 3669 1879 5548 10138 3649 13787 
480 114960 56165 171125 56641 56165 112806 114960 471 115431 4838 4076 8914 3672 1882 5554 10241 3649 13890 
480 114960 55311 170271 55781 55311 111092 114960 471 115431 4362 4456 8818 3668 1847 5515 10198 3704 13902 
480 114960 55153 170113 55628 55153 110781 114960 476 115436 4620 4098 8718 3684 1866 5550 10253 3753 14006 
480 114960 55522 170482 55993 55522 111515 114960 476 115436 4894 4470 9364 3665 1861 5526 10230 3697 13927 
490 119805 58199 178004 58684 58199 116883 119805 484 120289 5210 4892 10102 3777 1949 5726 10450 3752 14202 
490 119805 61513 181318 61996 61513 123509 119805 485 120290 4833 5350 10183 3781 1926 5707 10441 3736 14177 
490 119805 60561 180366 61047 60561 121608 119805 482 120287 5188 6316 11504 3748 1886 5634 10465 3778 14243 
490 119805 59684 179489 60162 59684 119846 119805 483 120288 4802 4986 9788 3763 1927 5690 10444 3726 14170 
490 119805 60306 180111 60788 60306 121094 119805 483 120288 4447 4510 8957 3774 1931 5705 10448 3763 14211 
490 119805 61567 181372 62048 61567 123615 119805 479 120284 4521 4290 8811 3772 1930 5702 10342 3684 14026 
490 119805 58360 178165 58847 58360 117207 119805 481 120286 4699 4504 9203 3754 1885 5639 10364 3748 14112 
490 119805 58948 178753 59434 58948 118382 119805 482 120287 4512 4674 9186 3762 1919 5681 10412 3719 14131 
490 119805 60316 180121 60803 60316 121119 119805 484 120289 5010 4746 9756 3746 1918 5664 10446 3751 14197 
490 119805 62872 182677 63356 62872 126228 119805 482 120287 4810 4862 9672 3781 1940 5721 10455 3738 14193 
500 124750 62399 187149 62892 62399 125291 124750 494 125244 4719 4090 8809 3870 1946 5816 10739 3884 14623 
500 124750 58668 183418 59163 58668 117831 124750 493 125243 4621 4640 9261 3840 1928 5768 10720 3863 14583 
500 124750 60896 185646 61391 60896 122287 124750 493 125243 4661 4644 9305 3862 1948 5810 10743 3874 14617 
500 124750 59812 184562 60303 59812 120115 124750 493 125243 4714 4510 9224 3828 1931 5759 10820 3924 14744 
500 124750 62925 187675 63416 62925 126341 124750 493 125243 4308 4340 8648 3857 1928 5785 10630 3792 14422 
500 124750 61234 185984 61730 61234 122964 124750 488 125238 4864 4344 9208 3844 1934 5778 10790 3913 14703 
500 124750 62770 187520 63265 62770 126035 124750 493 125243 5038 4348 9386 3877 1975 5852 10651 3793 14444 
500 124750 60554 185304 61049 60554 121603 124750 491 125241 5179 4736 9915 3854 1939 5793 10668 3839 14507 
500 124750 61420 186170 61914 61420 123334 124750 494 125244 4483 4158 8641 3866 1950 5816 10674 3826 14500 
500 124750 65202 189952 65694 65202 130896 124750 493 125243 4480 5088 9568 3857 1972 5829 10785 3853 14638 
